399, 252
398, 254
396, 257
393, 261
392, 264
389, 267
388, 269
385, 274
380, 278
376, 283
375, 284
371, 288
365, 293
363, 296
361, 297
357, 300
355, 302
352, 305
349, 307
346, 309
345, 311
342, 313
341, 315
338, 317
334, 320
333, 321
330, 323
328, 325
325, 327
324, 327
322, 329
320, 330
319, 331
317, 332
316, 333
314, 335
312, 336
310, 337
308, 338
306, 339
304, 340
302, 341
299, 343
298, 344
294, 346
291, 348
288, 349
287, 350
286, 351
284, 352
281, 353
279, 355
277, 355
275, 357
273, 358
271, 359
269, 360
266, 361
264, 362
263, 363
261, 364
260, 364
257, 365
256, 365
254, 366
253, 366
252, 367
250, 367
248, 368
246, 369
245, 370
243, 371
241, 372
240, 373
239, 373
238, 373
238, 373
238, 373
237, 373
