166, 162
172, 163
178, 164
182, 164
184, 164
188, 164
192, 164
195, 164
197, 164
200, 164
204, 164
205, 164
208, 164
211, 163
212, 163
215, 163
220, 163
224, 163
226, 163
230, 163
235, 164
237, 164
242, 164
246, 164
248, 164
253, 164
256, 163
259, 163
261, 163
264, 163
268, 163
269, 163
273, 163
276, 163
279, 163
284, 163
287, 162
289, 161
292, 161
295, 160
296, 160
296, 160
297, 160
297, 160
297, 160
298, 160
299, 160
299, 160
300, 160
300, 160
301, 160
302, 160
303, 160
304, 160
304, 160
304, 160
305, 160
304, 160
303, 160
302, 160
301, 160
299, 160
297, 160
295, 161
293, 161
290, 161
286, 162
282, 162
280, 162
277, 163
273, 163
271, 163
268, 163
264, 163
262, 163
259, 163
257, 163
252, 164
249, 164
245, 164
244, 164
241, 164
238, 164
236, 164
233, 164
230, 164
229, 164
225, 164
221, 163
219, 163
215, 163
213, 163
209, 163
206, 164
204, 164
201, 164
200, 164
197, 164
193, 165
192, 165
188, 165
185, 165
183, 165
181, 166
179, 166
177, 166
176, 166
175, 166
175, 166
175, 166
174, 166
174, 166
174, 166
173, 166
171, 166
171, 166
169, 166
168, 166
168, 166
167, 166
166, 166
167, 166
168, 166
170, 166
172, 166
176, 166
179, 166
184, 166
188, 166
191, 166
196, 166
200, 166
203, 166
208, 166
210, 166
214, 166
217, 166
218, 166
220, 166
222, 166
223, 166
224, 166
226, 166
226, 166
228, 166
229, 166
232, 166
235, 165
237, 165
239, 164
242, 164
243, 163
246, 162
249, 162
250, 162
253, 161
254, 161
257, 161
259, 161
260, 160
261, 160
261, 160
262, 160
263, 160
263, 160
263, 160
264, 160
264, 160
265, 160
265, 160
266, 160
267, 160
268, 160
269, 160
270, 160
270, 160
271, 160
271, 160
272, 161
272, 161
272, 161
272, 161
273, 161
273, 161
273, 162
274, 162
274, 162
273, 162
272, 162
271, 162
268, 162
265, 162
261, 162
258, 162
255, 162
253, 162
250, 162
246, 162
243, 163
241, 163
239, 163
236, 163
235, 163
234, 163
232, 163
230, 163
229, 163
226, 163
222, 164
220, 164
218, 164
215, 165
211, 165
210, 165
207, 166
205, 166
203, 166
203, 166
202, 166
202, 166
201, 166
202, 166
203, 166
204, 167
206, 167
207, 167
209, 168
210, 168
212, 168
213, 168
216, 168
218, 168
220, 168
222, 168
224, 168
224, 168
226, 168
228, 168
229, 168
231, 168
232, 168
233, 168
233, 168
234, 168
234, 168
234, 168
235, 168
235, 168
235, 168
236, 168
236, 168
237, 168
238, 168
239, 168
240, 168
241, 168
242, 167
242, 167
243, 167
243, 167
243, 167
